130849488555114356066071223596860422283181941367235753619606399782334399710931028126679935670207484687466388739933787227276609768989882850470549163486078175027594942136743237190838101695868829866911463807968228171557869828846437536301120155755953760974502244273179146095894185490409687571481437038077471423587
113210332215317770324642323785469766141719668279194760649220270494203986736944395254866254611292580455917472402048179208627344737833433399988310858710292723066840768496483903921876007498869292795079373407648222950420103576915907828233811985642686108168389494579955931282535851716853708928609720978490914926433
123771396574025392601773373851389240537447938896269163885827215611444520615948350408580598532321934729151812642043161157625818052555240961198448201674719752447618848649005219613179938989919902828709887560093715202020760630055930442017679949042336931054220942725818320213384215873033553613228745919544697832779
169270007130739291232920024732574819173419651078533172111403792224329992131023060244226552964618782733623835040787297802521991290855146934437417880669738747629755508811544414573387506375255285729270657345875147947715789141551876978794554674542720805333740772133197572069994139439649120538691256181274754928109
152598090375723570305817698665408786679237001618016600523620185206961996074256526198337240371782075934780807316372969375108892591625467537944831551611426172202203184081557274306445446528136742126378989289085763099466439280591053362513714348167406735387453628334084443995415773885566824645163412211040350538653
147729095116701331636447269006050717854146289784260434543669906381490511865536769820554698601565526693963737244712504465493391362736378893301191428612644770365341931220226188561894096834518173907677657853608844553916980228796767214145542266365261993265964251194429045956133381917099190520150397540591133812351
111348787955884022411100729046903139774243515219372948894171251782938454978437721202204337731114532201138070845904686498856835644326428508937391803779210646149772048235091110709137766542319943544612007268962187893901859460895808254087240448263474867476143692470152741317158715055018150871803221186826587540021
160679402428913863402953668957834390346477003206048613421552966378249987632397477296598752571915454463044727189848610108777808597526961366541418319112607062012958706567558992112453450437869541423996778954478986903106008407325857631214041127949938836248204593080097983619074089782192076546730874414915294001407
131625694147697365969621962753669890916022125852949939124468446390104910171380703101176838865227954479875431999494345101018662945847262217970116583961677433373741113026615773590931943396666237710040466521167422194216936899747215123534959156937735252767516069342535941557813750245192941943624960512182295660813
109174966465077782852381494535699135042916742097054886721208909329973487843960797541241892686907750869019279318972965421219329703579373487426992096593632343694539535442442368457005648450028673403207009909537883275571608871821024758205323087264534385206158309876771606691440734166146228019361969427588783679771
140046267109648415920278146783903584303621524738093258214722336056951033329300539226209603993385230543378987988517182499581899541352570351812483317425398944569929970307716427099402621071873270718612325322458432504494143319664331843202887997844786187996249257630400369016462279567720702100481860085599494983491
138028874496526251667436883263185451795485101376568500293807489806109787496327461495049600095564102598723069823129507636006413949616323393825700254142488145192625231936461515933096111224412100545041031608142574302185888713291518633773957418209812309283721839814603051916012907377916146627051863240976314451643
146548022593559428545203023792509324904104622461935028131623204892360345122831296732704583894581232957751864531153364980760445403136062879312842569316168302864321369022270484892952847567766622464546330833251987379493233068698646053648392920225569285290824892309930597720948171756664675757411415071145142286877
166126363757616785761660129476796908498871042274625485945601774231507481060955743783184802573639270075191139057692236506912804555830132730700206352783054558611152508039820789428004483460638972425191459132538545062779602629555200175800531799287294038095285829379942438865475139895917092343856501527432363002989
107986430309876293608537779400553421732016126666620862664741477773117623045258248052023429511832782714153252417083094481031758014762296677755357129507928780229916747270837749610024655571974544960217603299908484757443572291244566469837206180214153930971932017600426383787848590583204725919532313132400998901859
93599918726636250232153247498543187567552838917120919631904035442364746634342641243004111730748777874953021866093740455869034066486666432276082629374066127949855454134240119009165160722827319422675316581762369441571927978967299293574941878031661140650580050704948277151792768352461451720556812217494542922313
118561866660010835740153919991883046153635354241067291074438406363193520139529986864381667506684474218715078684336474678061073273536074302851576638125961369242330689582263584083222321343235717477018742044991530037883203913642059100960872972988079819346574136434967888485701629801643120382993457843935720102833
170830216196569557346293045411677784116421542269653891120064715387766346711793319900898767987777614773748634051013676676019489708179213377311414046806629209190641095219054843847050096975262438514428989672230449105885845030131167665001233038037204178114378346286000698043306034628274579812176584760443126001761
151131774657785994813693254474926295497686310543934633854469798490060885189162440318279681319850866055083143625863731830986048889292171994637239094813282596982101901115562227484198913065970467047037027024237292834172083310168944476949613881685027110375212224903735464608528525888711782876167864920593784203609
111331647525783812390787284012783044683722189727366939464362309548327350211951651852170414872393984346034267457457565022124798156478847131278483357081476795499789519515397202983595538566880676012815517523003842754070137837233749189175647982742741335261003877485446926778946549182586666591771088274459990564451
151693456589413799632690093397194708752171301822847066331651249222423447226522068993161897457531564740893418268998592336430371314700983412259785296673963331913554164203307649955961107652786015894420514330386246562677006919571709326021278792123183837058619392771650693656335107178410531701238685164896352360079
107670884229510057353369594240076431807978886152738366501084949191814361756989056803834370571187943240066590249778042909147237868671554778069631529170596812702770004621914792743654487982220365203394464760229175599529482088779818705252911958320758741725442551462674429046352148657369138687874665978787240948679
93125395864675931324003856474051513334973491505495261281677750302177419987401996276327668726951200197262879368134567745752760041503513773195041197587865249719074333772767291774447264232728448757276850692937032732486354830766119664518110470219441823786223512030279653968087179587617056467784448189348733488569
175991606541682126151991629861617994694531161744153523220833402619555508376810552879895953962472652810480783659165037989025362252512136369548966780821969589508661484959781095694924087459732855164927401765999773655062678079957503807478189702965670894828817084630126422184131332904262107523958658024260505421723
134238985508458579547285303757046130179619707523626083522237492515472308749073802655929206213691628069436886320226027753081109960368445439069826126770779836844567643863805624336947064265668349911645900381800861581797141404358556671491109053419108960245925042517859439816446015562502296439442008115664194353241
145491923303430440302620351601907702088624948365453353348725806840535224694668802062414173935090737520303763041444370237967196694342691499552173764827213004927749430402380090147353784628900627216559538464814785690371239060540610500466861507498318042453137949033341531603014206443072200741843461335170177626663
160798344735076888149682591398041766716334305913139867273657531504015642658888298836206161517692530327478789742718372366616622382726566075199272490558982682071044820376108895742727960237728581689347490339165916388992449723493663620802040704586291357317467667987951185018899588033317256751565052071323851886309
126118198273087241784871644892091826559100242170903192469150253402545796560016398508459864890697158467559163017546740236750846525281314597472905649207751538955822320535017583364891498030965652309278368616033225173245957524072971234865069785128903715642901503968386870724830219014891759507927722797473990072071
150613636036985690655444953246163255326194569561971222273885714490769778233285284729145025310158733010553742653138337233308326437550529679742046420887989688531615248419634329715585089002454689472295770312957572533371221847484001671962075194820634988054687548092107796680822257864157879803430682721058829256789
133090717948738395413470935122118636943862322853897761577230872385825091463164134652532602160164712583215113787066573092115972374444375416892449443256721248562326673345657057678807507329673726831727330705644603203417557544014249327416061657492119466920463312033917285060913732794399273364611678371171056534657
145313614786695894831391125736063842575569572838174184983280448381083969017424924050430378787701639256058721556930167289726944387560076419790841576682164515750835956987292565837378885574789237370752273692724587043889186607850770235982667954876738405122475028459813312023774844680336269217683608582566154332483
134152315579123365777637998230914466826815170644987137491101186746465555015071759088223899221715043053175872674642619315265860139331421499228313304436581768837425471932071556354956870217472906322834502900720166485854247969779975602933246599258109948614752645316800565971099505731998349604466478684091563807503
152366431014614192581605363531622914572883524809398152188138148761781132677465150896407712806858038518522672644528495988526782749323528524335498160079954685191587341285238239755909142409131622895359621842369025200664753391237302142206787804254251239829068138811086973777387625902757960884587612597889271569713
107182374897000389543541195501969278132371478218992532574489913392757552709896679787291829627041413477870153133687348405493540923946702284864486816082018240538976066078915386462375893781373566353924515690857914677983552181720678141513194984289973354716242206676438810828164103916669352510077654413357333625711
164000338239783654903928371301239227848483186319664797641559281835728505715806242600783098849785067072507594206732170585771712664538686563535673341014922987268476689903123733057429439781864104637721334728483380742505800130623949237854721664516887625040485824655145127846769192560686665089893390725699607836813
154975825160366923173367330446109202580581174895306209201508073292486477116506652472504715858342584957308608757815877028043112519696617726239603274021437056869638488814290742502493488428953249587224195138342919521416161474070154250564370187438900512892345350428901497478148000432384854395708849905302242643013
179741575306695549590273399652720309510370890375799850832056276292891265082748761175840424527800690476413493782825799966975767870887057991010624443499157243627627160377849764415227236334378162775391056525517820357442999743397891964278620122116580583590393386318770005022787466637927082161765119312593793233027
164373724811392366555953829451944018516943601476761144308551183714288002519415768587280677256930163591820490628701695422363393866780973147224350405924681245736763236618884294651743668721664260247064594950510535906779174121356815764767997327693092605918648812759867405149402988356676987783029670068818102962937
147692895962072102426015499604102513276905529875230521208265268887148753344142155068608810374937561206364285226700940864372046747392875782576246173976039769527177186666420239214996862378980806523724566868556859811928155389957561968143322515464596919604074769133492726305029345799238830941936445876294010922149
136459593732722084691209921864509728743072561870570086604857016261999762679475947666326663935383478213865370187490740582954415720950429881222643730508017858973896254893519293478768105294470298877782403591874803166759528903495715420389134582645081229638350019739262230311511888018417064126270055896224417890583
170908701019754728711982976505341095045316124922069480012214608276748089616961191387002829333196976686423629245328410969429254501955022167924834144358257987741232614249688145998133774492844645578019586012276565802676956681690061812989058659551584896888598525489810733391887986389582754779187722203733841711969
145490279847153278904315419331929427148378800097633564982887144080793878813817919526787137964071777455087626001140201041709852282003916935222181570348619052536806759598380930886818432587379786384052417246428616626533904238566996649643944971816176259817400992851386257536197378870285541909958313636865205125239
109663638132888202222626054748639387492676384698381748114654392941277531376966071459336119429079305772190268633761650251118793616949327274668772439706267901568713892895326134427655739225220067217786908155618048795871213521064715107226218443719735705183161191007429885182077652681745319326994619655689385858553
148050380293202391757989764787925626421227916634356293325239677854885445617337926449067883349097608906248988661973880906534616944511722691623073723467712166315889064471829136799584009308678818160344237565480400125120438851776408894051237058922026479930506034899915308593179110457031862005425810201551321124857
90927111137736294253967013859326941893156532858226289794664741654761128515211138900037490750288680458973019681012385966260573671881799564135656815262764803384057430191098952287735548378067772385621579684599746326341691372554939192128889723812273584394955001297040014947474575519590778419760932644701662856263
113763950278466458605929905619601615394300015939677624915044992827158141273793730306405292948993110962575780727683526164084550328009000601131202232472915539136641017925799299071790341546906045872226844739369890162977550764360744147593181326700708603520144731452524594561982368058232808196606612867964246196229
179556720801467093547971441959361106119298963266782123729223442062715872130853180878357502480173079284824979220297759179026352528621931062957225814432238169145076936144600369616223891955481152981664277232857380883170894850099069164165378645032828338214072540694154702977017450217749309323420063701293459645867
144558317638019541257338163176479083771119239366741851611302894444664739689271842426802612276656998447776287057630025065072586019747685719778061968736090322805482231693872258320104857479280855032636171302297969829617370112810582813165822469816048804862709774127157781039567362221533844610518620607158523757997
107901868163028843589437374752833330525923756950043854269550159106685582155130995240292153917138573005838077528955796391323669542002481880123010971782407493816793806724114937200391080517278830304513767712103876337634989051902171120996576367745235394593265710943252648476198412104566849690829762040455984015847
97548337090382746835009465573103351505277183979156215146614865987441860022452127966623915427850826080156834418291977191746931386770453333400351944888602751949875117975338376250841022487626595489747350131096158183853472793195642557526330793655372878330352301976065743198639917411722790022469814013368661360767
108930280526625073942160141337903015757143355919298657049839909095311398424807548985228189727243675811381378783840145649941810575577711498663310978937156654589189464887581246873032012865120446471514015252023844464176339604709621343976688215674226128097978430664324054068059667767407112224360807900432573248429
94716336824165173675788242497593361117491301781022493399106405240192385357826935903603704474119960930545486496317343783557661153785912870910248893174815145110736269779157918446142553443866717149910189663352027556401791775711360435252299276193975021960024828582908962578512766416009775021242868270237584982223
111749818681265915767677636488202784434573620391413866164189080944586947613880755555916390537199251811753395033911373910564728091697573325090211811501351399006815646659252223939505876981744642017555148195164507116283795290528044952740161423510343322620117724688972295766101353881729447071356582514174002792671
118204921678798405495843075963013242034273957841200129758179720719317591979880138811936667782939156617013285637485024921573865391091891010501161742553487273731736228352606594924846082955443739005852980595229548386067754100201800327100133505369492101614999235756201511498085756096635130989436275730765161804231
140377259942542795976623101709198755974728260978282873437228680522919212255888604890071761266385011888516123126017606962905312410832301528582252270133337566429305397387554562943825818763001792782366983018807135591739346111819807282627182929474436411417382712866234955573598672186440442589351453585451573931957
115463071799917932812245798080764010258739203541967920591963463437371736904177277432945993711183643483021417016130892687055458378063211343151612830619721575544612730985891201645005325767451934031491183093198633137288889838704215591924585751952288461544665397029252870347103040051566423056349339263148091184099
148807285028285353582903944620106049918699030647833454540553211599019699496340312559964593351909224841123183649707131479921032611788609886947280263804526050822734287789400316837012831913131865677227322899666873890574171136623467585525312272604078471391242225262336481633539872437934354525925956938402248809087
118618851847801977942617745481051363041122117814197505876136807534259725184885261536531669597984271315908423413338560781799747508185669084261552769562114331898292089928457783985713133084430573552688478859748195533889753650707947494585783795160680216600760984406696220033178995667985490162158436086264824518077
174112887889035401274198310761705782236511708790346762299617679354533735464452121169451188380224739296442964226716953775146530561259734394075071071919007630921178918516476278442032748685757629132855266706259433226843752666904350643868815624267653771521689785811710826266990955264103039167296044175089527165537
174640001256795509630734981800222567045054203052237677670237081460806476865402326083281174769402432432997629705684766118401042950667269939830275899757152155098818946564422712453861538935933612697420914027705610852662597450878122336701037038021893068456816299366105823231887858395276710998269291724108737787869
156393069322946347614819097903545652090257742640363934657723792578092533766393113901785044717565011911358161146714428755964477726537568368111652293453614292467566750675552277080228094683792712038649942372658263313210345757608003557094808283938571093517706402381896764173045293132091366587707743372466226553187
143597410659047149450245232189073977259552130971869660175599229921787380099200928601628429747139333367888154305567242352676272473479373948576337555116527672798447179799194726365239275747304002608666469317234046955948867379282040208420306790000805075247324889627100649171143102563026471888628478470568936396173
159715656234566235276002227152381831446425779599861376189648187587075011780767209285588402468023707151525424330410150261091628967719738640137196116391129972795420338188291546755590622072507030587197284076608501084173689397722142945814858549795671971007828969137454795658609713993116166688690738424159252134419
143548733765448814435454893624587812875987183096442676890278907203581054063835531699117871086291620694541631152052902015523813756927704841637633509458749180180381748834208971543026098794777049504150317675336309719284102222881416723641650092266314846982537431117759282514336285311341671441266688744773732128663
169693763035192587829310964309289613045519941385976342833871311830793012188537917100380693264475011475981381408680959469557655855062308803332402209262265216327366690237548221703673093486368698473000616683757057977054172249434134065691452440402481255967665114186259736253891518933435054952075585901287346161739
145801395473569622396016960301956719953338019533952904865257465799681189507546131508961377994570333993078984218912837553654630995060731242329205350920503585882970742333932933376946312319120890190096737333016543499154653713609527971060180897618983256102300102372940233130371383271227933889052902630762851721421
160076094804510080576534020898419355289353314123700192936387658643613365396086952604220241621306399332741408275222752803136583944123378274934224951266446456358957775749822218572122669511168532669486280687933261765054512014052321548576180135425330968155895286997305997476982844840552837183910192983505852897867
155818017687250340158237079819254344426547819261736185931306761083848227447626684121083453391957768111161175514136913793195926335736565624236212286858472827532208663243346337366229650300981254245805983490385106468354528511791538485245469651905722915886614708619878990814002629184128346241500961700328243939579
107694130496668098662548774224478750145537794507273604497297502061865425317546105934737828010845002853099452679299972496938049824454123508395522462696923828480689507308972674225519393219331816302847433569377798624462422523846353651088710995705129388616507845597417362896323669460771730674203836290050652323871
118517475123562520729492348006399264624656320555479600235279972272015665033757451239876493776275130706532690943813262135147472075318423590350417592440503459835441595953143883556064936742540377931416096560188418375956406271085408904405584214834980598522497982407892522746458604750076962128451963307425982869057
122648455062149528280706358441329130342064327054242248440699852808442092164641025597776495003247537257264527394940018683972800539752962174060927072211700771086142827190642578466310858080966144725518753480787201688776687893221859230358843533197241553411307627748430381878552355325802570350891989032687119558953
149907002671091259433814812523021130791500990749410205793249526521157998985655223838190106313849360200150233098873318747992055260170810086199113999882350968525121022395713873432168197972428744715092173290545505231470055040403372509961503569280106167241392734339711104722190327676208968958193407126855080572397
108039061552472681076164392805275897983113095788072068515811149699951157057327122637426136443622150689002398247866075414436392893818942001821110115627450723340900812549044638318333644779110045851756425982894566943906846846978117323898867243122781710675567196488302821544163027340946344561403348874790060862567
149197732116967921294235157139560305321583634800954532789173641652960669979549842957220326666652429470026704734713980431349142092556910922230545250741126608458972816982311181609292980928839378234613182752975294186851809351296937391061571905636029014089718948449556157176953582889658852773201199070899519291511
155596971006799755982620569973579929599341613729093827393491681455832066065065581227366044671407596221713677032673814546872160805365663132448371831187646159337773909797740529573468493282446381401464962453202222287912135595807579011975468089142201852781931186761320451073976262617648635713498437416795438848763
149873943656629962379996829188393972748667086876653664581005784622054664045399997642876432446738782283730092286418868852013839448676950674211773890786533428709047028530368001807131219219441460627832741789080161953351202086744107907827140837640631647260640577844890192856352966237540688296395701965382915110041
134241859944130870769212015702565347877287157888307696440353180070754742639545165047567321763232862731869922372458381280657678913421718599574505090462622261270570225321545748165114496230925517594796781675496775523436340396120052788010791024010437160929365928504853305358096120407856258562018797790694837683711
105096274666073735566031424073713438419261174784506818190385064424707708919048508425809262409395135331049922701460430180251544158582427773350258542827077525879557679686719028456476125073637012295830261541670978665123551484332857989878648570939411804304773749120820335375673516095905714619132202573345419933107
178409234145049602088228290682822872230304934507902981196251323125285990390885492166904754789718133962261740827971398733478142177054916030060900186367818443751301085608597956151052719564553321000904458939179067517185012414146188471419284181778873044568111764183168953241840397215877798882781295047536107297213
158955544851045668154450467810429638854950136394291676201894215501398882699508884335626682094195219034983148695608168884831349324533567634977976105627039919464890116308666741719081172154482201656503088173738633646728838289404074299512428885521914732881202067230901184534057079694030980243164848620920168126289
121467655370700516947947108124391151570351301268581351322444166759668380329831708846974592143196792414741554343556220156090294015803676275689636782023054856004528556622877739524148920104643919118550703237451784979615628861881569166955262742520683582402646273982551486882915233565916378622164956694004241022297
106765562844776005279612302557229569470544951155660935049189255778571744591541246216359052218805844469144009252463492426330721650423985147271096644278545407837407685650812067539756102229995046611943218802526968096367333364794069178152545102041001450846555998603127264219753488204224323768998324008197457894771
107645177836978527342263222475501297038226535880186489417553536630704559534283615913742284557302237459649538008806582709157939651610176010185115375123598143388934741113177130657774817554190903825119165417373998152924160049734870413542088433067437466992897969533216881246559286616237583051225376017851296749269
148703567254524882869050922619161675788853483733831855402976820844752350828650598796910024116953869251765911858719854288312681857699573950694722618918383211682390876817503894107030928729218028349162771523890043738879640828881397139796079354352895788678719960831145120063874617196932912327802436026171200017537
107814634421801070870908158602100236580508555788211968062041614246145474808567190628917618735479405421785453230435499909525954082016546399988069535157708765158638634018990891006214240737110770374360952367664252037962527497083140211578092782642847058094783826772502868814234485863261507195183757012792603460523
145116806231048194620550631202891704113462614987618635499321791098638578319953967757776236303644775942737773370957310528639296114393626184202554060538636038234942598889855520279290066724381236028122259711565790294951304579290415739819820361142667542096750925718004217379587259514623386963257589333193086106627
156199450020438372067484720885599293271414017658580486287976371901052490368105873979292054877399005772487146960350843735008460087503238553585067341069995695316070090831614882939990374707002974168362284440471241193580253652550279910790036039548667273824454710009218253941625116075209198061417619286304094403799
113429627299376872145515586751302821421001189936369144465534517151886922015345674145496893943128980764910358409748225609983757681995440780090582096586719867925290907891808755887305901236248550935523073971046494273911510807611092425528068464081709059947305554081351190911049685301791089752213863338966592540807
145349640801036731068623465057878949466083866430764509043780463268836382149455747230539248325623487805888137240322853845189480073646875233045765883128375721368707036687703038956331853149403182502936611603367789461812550614578975545613372922796766693409263897774386780580766523702163932328921721690508931017571
144270905430937084910085940582236057637995274202725612929895561322787679301384564848549969135941922163981403821923844525877473214163113740007856802919074356521704372383364671998929106481681820070940917979612485205302762067411894382343274548670180469270806435251541159693180256535311723718218392530354419194843
130860827372502906265086631389392335635073741677134745216492797119719506114014171509972437184533711313116702600517289457754949815987399659297764648898948158318369678466539213547104302963666230478364305594179567337490566254978695264613366121750361674951966973866766767151763393515335997837089984399620343450071
168151546213603977852593282830663287504191809686010028884730119552705928274296099026111461196309329840748203108291758305557818087673161822592010803384897288085019003142941664356235674467846529687169092449414813276403265196290956019233303393818413818867695075677064346770631727038433841843861665583233090055079
95781110691001142683029152751860671142316011652962361892075462041898269536498131348104465498578800592016660661299623582399552314472037928167789884086050440056462630871358214424928686478519221519996055337928715150972469515808357666240692228118201989503198828024924209582865215393102381836825687824993667624971
144400406871113040576671318462563629255895018773402250038837366286267170985757907026717985793465408124791904871667172874782062447307758926880859964482566156208341639643769146438605977552368041494774746909366361114575042548109502246351839583598043402313000504232556745674863551718819588527275563962783187080319
113818887804152150776593990594185025606348313306023453528538374719236238845197488327324343388652489689493543547454232520194768906671013420126341461807446479257673617272662214740890891425064943245720925097010214960515404966648138625598924789241069312599727917647510165422672508147339699779443396580072139827911
122160446883503497631862776868487385328402411393693441556333388445076794895976736747888964943374064948952373246444103851255986012114439632377086416792662628330515711185256913994034999999191385332267390773731753010880623541156005955116226992484061760466171700202436654738047646438971098236166575147162929152357
155018244234913712141719881909970365630404804621989290057805139285516363647110715027148198218137913365218148937047556973063973688340347900841458559524473279824454077231827902929479762214769479254797803316956407914784144804614145887174353128025760479659939513669148264759656998277281047974000267085664920362133
149736974185760418250206830981654826490780468779678568207353636355675503052690613384815530715633972655183649583779875647372215786354242956957622038244583109564084745514700073487882982443091076307653421930578673461059669169401448523241156715991295440858721906037942150498193341830645195636296137202604993078997
101750600659135568175097180561778897192971808400656385016402426073065268791735616276083700990936349948738030583993496040905735972213895875861260156361898280384366734206962620336201609674475683896388340737482405976466524169881522461803928208677202945278667122686021439649218797466205452208796432648000539344609
131025131643378421582559752210353474926532992240913656140865467060255937789396209959649481082224089565326321540529486379610170499613474846067328942893378722165833494998747165920000299115490320890732250849182556194515945364110371361831967838585193298496783731216410296077105540156874142355404166164420516169623
Time taken to generate 100 primes: 299.32330839987844 seconds
