10743787801192802312688947477086967097203383443306022305262983435090022640252718984336766214773920569882076905631090394919906163668980991247843029232772247
10895771762615289505840894197478635772510673128901887201398682466332929367671513285803306364439308498929706777250359529208245097636314101979377942571588643
13110954223377546675574516518984360625814916660840215142365859293101329850686574040730346193544436571138405291166112756334770701941961776782262940452557027
8038772844083498186277272688635087989090144448257486608828777329980609428051182174719175155048644936921293499283847196264518054493288047011217744357850869
9174705519471639789622177273592911541369180899102064429897969896025055493909041459895561732727538295771299656161144065637108598455689554918796519219894911
12466417186240693398510032541499201156298137286101470464932584164031601503291963889464955251455492635914350378979503377940306955132647884984359328489015663
12702619006957847935161032548117992658019573615281505197470100275267272890412717440899134827869181914091299014288886747618625203199286028866213589362396627
9456345821034028607047688437674096738948456204275265682695806748050433515237156475553448386751770918868880170983255225315896030834277780008880879814610011
8677605823260036029986842638599221133287931077272291771091590033184072591695741078380187577834036488483065239902549147276200464882347420979314027199759971
11446886209021498840553788857901819160387645976553332333664920207851336899697532566208921379563122444687015063811978230462225485657104708845531167967445127
11593869381898794497043594728398237756705250064763272997085718155363720698474053035115723708769164894945786698731875215152813141180707640913879921475201559
8679473411721367174758165660511026276012925389032187211430912524345381052958129929553128681042057231556529312037143037842094049352681166909177766492384973
12644578681074181576556850387239609591670565410404058483069024649781354307699317374486491275345839583876039410286876962308014998470415977978252843594761311
10252828348341112368737106518861660320800986105603513141057483818133882000573123628842181377328887782145637727712303600110293241090395524894917742862186811
9839269622062262101783323876922689624106285864721278696868039872495745967630109808622198052945922257608146571165880862661756195588796059138551048969013703
8560957998865898829373120557214656530222483689311603186816880839176300741704632038876743627186961608919702896627898029340945995052400665074874275955396183
13063732296316668295215892082312864609846715452114746672249913263133527434319420982931773302631617909384203254221138234230862451290626712781227042199262949
8496025480814198743620370886387609940835621727943239299057895938946329157705640685298135018418348551334705607885184455787190065453396298638073160938652457
9144231383953991195927169360203196332441932169990739403167835516733726806096864803407293525009313668504439641524463376732972046381148132323734738641807301
9659977457555885542213813953547594623514735483664372595193030696595004742811272139018127147501426176058967416001414071471888162422992815570450679649750767
7171524999390497309735084789936926312675043685759494216728423701361330840383539440824915302780292615829350010338632488029311040670965260456968607605525609
12502964752159102113281720263644251884489957811687313154668179876300456022364109069985535952850338048728372033855702285818865720291906066073512054006306379
7192623010636856175734839307989782972137279178375830344673539045471896422065551385231148792670221099081596155628502033209371351810713766509472812084035333
12467433233134538862669923303626421452123069227018115554491056791694078134110463220708337077760661916009781176640648530885961912399545242761025230917668943
10319620377349269480229921787006230415937233079178669909039303138460153162136226357929183680988327708092776228464976972333552821696496729250905145383218817
9864631340213248482065272262959177395579675305401094992545050407513826079681521547207278687485181166168639368097674003759956184607402485466946854455113511
12512501491755255188825860317047260663280976453314356083610382925307651552126038217143026474557455571412763589170676493971650309211237034539584916076928719
10616494590196862344466722731160737772625811459655379943493342371621259503823463067153167845234844191514847997302746665742937799811769576663098654830076263
7965633155556907735504437559649761706688806754467540666104861621850260418028326365405112624167955396235531188847365506441410737053331158764324795698897887
12576021170977587539670494560326711095432398229983744603623575172224936253701901933884710983017492499387884488465436265542882309894165310532729312037622769
8723416533620399843895553728237249517743027113707424534826867353863553921646473450710370339668673857101074916526102607222383811771971403613663166676112101
12487589703789462610188187531773652033531100309750433638671875536093815249200496169992088125207813506411578154889125295628359328186567752570056284272130029
7741641368112257085466307034455957196615639155609410029623993471765795957901336565535481085097472792393474546539146740176819386317434370392742665322265999
12929804862077623236172887812664722266093965895984402571032725387106995954070865935708922744321385863997561022412278597514289731838446608973823836481255313
8333292531643229731963218964710059514963009233993934424496797800496802001627392086495881379610060404470318229318218734388520522267907061524909289268431397
10085980564525883323934056006162376372980088841764226804585160483594034631083347273551145617312498556787158756034192481054159890635715529246980601969536821
10156741373546347460254326691448986874076921941675332074922360943907398836846140880846220756223640813524073663082530034819949488783390740599190886014098173
12658097876804901234471301939910065195137289164431544166506924147205860541945383948156519168072396027540623718003114587843907526683972260735582506450410811
12576523741334066733840040436934853147473439266092384054739016766205087614165302967431438111278283153492762048472351111231458787132582081830150727223581999
10678215423843865733323081215496303618195761794957181175371858656669367249341904896675960593363330692486545336609746633784003317185803784836293912011098429
11139580169127639831725066715073517728433862078156236422098722587285837885135169662733401485624895220510891456639551642082363272902551593923215931621147773
11047809325286009949458526686796638893177834398218205329453195253943608489267789886234757507024881604804309270129687704219238277211444069605467284955742731
8748312465540362964377112494017634510716353285944562294907617890726359411436865814180381825135824184504353179605466449848568249651313030917130682251266057
11645039633123884845016261972500968314416951876080637332812769620359586460803172562292911251839392648202258187834049032153414111923228493978551376187736501
12885581323911354587537449255876219029940534970217694542495107761933719165419309790913465564697473482282854464748593939054372265012740873676613550951423153
9809867120171137562791959548001537538118227082807714932707709313841102335418578506490032041989613596967961517711298591010411811904151883091942963939652663
10949153566559088853317873037705780763701541825654034050988431684468023368119151075214226736945564260384548131476632159707890104836771389132602309643401091
7671182578175986617296701832167928361524060113919352783499533257054587609035480027012866128562226086137752251416275219137656038341298666225384023114399629
9980969404720949847896115355894961544122157173857977161878477121764769693041203258843557762175531792451834038760816101973494051173620159387075594433649779
7527249496158962449918337155616768085378624628041573203224684806268195150600515890451096744511245554761546241479431468271137710266152799433063031418021363
8694830269282443672215854054586116843709113032803686045897490272514715837831532052071375525091922454180212082449262492970602781012968678859430155270744207
9478536926963210457454773713989097422104244648267792646272304594622513704635242989992451539124947140944910159711259521797593543746558225862234818665092499
7458604357278104145024105515179111723827499484797072317491165987159224814473524695723105702907966721898928927613132049666174166739777457563283787622385273
10924805785601710531133947548914603928550203376574427875990336571343510019556797671921847821819028740162881431664635237096233170756850382481540299470544287
9814661993735391572283986616018783836066523031589975366169844190322837812231170925009635326944195164269408568093585861908720193826182966963031974551709643
7279169830511279680305941521787810956593860368791881228127314185439800019579074167562858588726185645938384989724584029924964699140138035163611717758354663
12435242980271703983998193872840006828744154258267108704138843265070613914746353820932473308713856009918634894996542240776740693847577523632139940143924293
7799034141043920373618141571695072768811266644987225365053957953925647874412991457312805162643161117716242303048332343765269863437838970381134503410858153
12756093024105984772230348230176880367388925806245982985366291998722805855205707163941455056149036016072100874467259404461970182021758429419657624755150381
12086596931080018865108612210901345204577828469896592262539374094069672711778426161996198075773468057734128992615559165920678816222620018832571854165641221
10876699796411530110042216518148958538552822275140948688484611429230606802722631732962102811666348924593586533831415177934613031056609936907308477683706559
13340309694528964555943874750699573232931437311247722095801840195131102141519000475968983847432853356636259640316535387043978038770456471747805966975812729
11668146582467158975677714566048884896503198084021185357226287184757471227412659320695879686688641951764638435275505011041803974340619275825449980845265871
9094355883619834599627032683127898264995877842064902711297913675092961320017671807929841850962549667796601783909052406937418207013558305721107184888553653
10267984183843076346549489765786201108904407929641220557567507032761478771820601732369525641221213368769144699673377960193397133791390502877977947706497017
12307291620848418887526656362544897841746748103661110670310091556648101547002575377434839772650194294018485468956565836392693875621293294125895001344372317
11526584968749306088771157225431641280945964978222501085731540141014960311496210473222641107691395003552252763848184275248296306557710482047281668180533333
11870127377811184634744777456370007214630097647007259133215152572761881438611596645554806733348238551584573495980752815366249308414765097433748425330031291
11154431923564529036763709542668163231692011671870668912698273363258237122441208826850377696959080350438920607804409749426631158934582915544831791343714451
6880963038951461163556004977213211676824587973362776749619172362694570915064111527610908432032534814015756986764336604512246969129819190169041944069333557
9133157810212918251853126952132324715448611284465340219124970263881395995857792149463032274207141322493179682762036376717654723737530851591474423894722833
12506911398140268019341932571949092955467248282245487909806046400990431752851984328053975766126193010848817145128276572811911923787189778664147775104577539
11270570602338154288295242415909254797012757992512153298659232863416398425167713277275706377402897022627178082430558809717827806977749326701669387012161287
13054197343903901697841427114323376174626329417683106138370726179593023154229063095603813220996405767665379019610318085604584181688721625154516171035850019
8548029970628960875048712847872571170849715633873222362319040446211626032386333026085413790052297655457492692342672710321022958817768531343450204205307039
7296997576614830486888129621546480908328928874220942156380957694220682352313089012360869735532401519617342699567810992134204566924982955031873612450729973
12426372160237484222980755902832472855497566212936592382516394874986939808825932057199618083898050888885029659400734614506365698044981741612905492372100167
13142453885382195704553034651360880751495127477727274519835184230507296530811625312382945703647338783870812903251607201907215188138880076520876606253778261
8279561335332338034238969262061295196303148857687282040221751842601519139352859821028949937392267417413448672392207106742469180335258763021443603564457007
13343135441480951727549763951721731711900447730300340491897036652606964309007256917783263214430587423470788669978262855059347312183388493282949303946762671
10571215472643113758257494508247474856596565952698558626205103648896419472263150836546957467444911555305829657521248490407036360288268255597632698647121141
8886041323037336077701364989501044930477083244087329179263032542815820566597633201643493021238911183247973697842241425404894225162383570172006141595953291
12418753753664130333567829066989808000726437449258264603111288736503118549869449331830927859174325751537198657151128452103191982093420332731887774480174969
12509180042469208950842419151271447703900673009868988780044569342623348589226133953383908415943914863933106274381260820306171277103659702598818875849999329
7136183663942514040163248275196865688864318985503928142521811202089323542149645212993900380514010850752188695377280042881841501815175268145618483602834451
13393352057369601625432291184642439126170928659529916570813105403521095789513241579152018669356859044248565310791769109450839068124103932530145219598411073
7459152994409592413808472206161788047068270353432448881495997489572601832542205203904853280600784592123066097196339894209810596145874712757027828004022469
8214161888889080089474492113185046208100009867054492197068434069589188648591749812802083766645431359239430423257233506077764162752970508977974632295584481
7725054943771929587369617248763873667773878831982800715229699092934814344796554075670954919589238486385743264563288168503655159187580307418208104171238271
6709470768112847166697193915766225619861497793381259726483377128983167869378098697395268624069482818973714008158567097204682291984679534464952517262276867
8938675677360999929221028801355365874670719557090274430460444603267444164958713737972247356827887947938926138865999508822061310607491804094644571359077009
9332242441595179038557577189938050790558444289907090323846365680673976121757769068644285433336449025677940669805784313563572478278288839388543935068694603
7788067197421381619488721154284945926594897880796505805855148873015104545558334265682053117726898872608937456592437302537481115522650355736761613251885373
7603308127504841878126950815059248614771879704321772104509317992814162505062713127379663715332852028696880295120341334444874143429164602389677058528417049
8963196204894900357193692927815568588156654719142760303820084490990718445121378139909649348155631532966893965822072990863801443555754745766224809283544507
7577551008577803163804187995364633129204069035336698094228226193213574492195455988418871148199130329741839633010544490091452104961113933148786605232572721
8069850640430509584012177767513839449979953413794710786538976345236168678350764301259103959137766482540880901380228239129969561639954492692645672625640039
9261715326675430738089743564187579674164139038909731087942092838964597466212950937103439639214961558180005321399965077746565706700326502663057685867813459
10460716192537098412598953221575872961209816456385312374953415563398863554893764541830397442569325452163700996826290187643976912764460299785242232917940801
6823563025646845837764461539005017721890750424914401597691688788188677396979757819588900342913413724699320330852660826804178891980988002223135572049902977
