12199214153121973113893397349029465172422797834389014680047119613238333993526191083056454639552062629469383463730007354876695288773079227736338834557741939
8771020885168825555552790958547950171369136284241669420255110405188930271136011343575250708194046724097143623056262345828315914040541771374346673521732917
13175467003664755085120676861263652981730551788410747361717464986351762511964840173853087472220448011429820476483621802392501600723053573086488691384260757
8821211879348892180427062030532703180448727553821759115048096128178463447737768451763264690958304489993934006380342869378243690607870434511706586074160801
13222705816414181164049180086223215857402278875949570624794493731670048750426766529896766543509888437905934595972876465988755446207568785585840225546456041
8995586068923378639856603507120220337594742546299533618678933633096023630950633072809607314182864909931451997941641219608379224533905067240088894032040477
8871562972683656254360507875630243591530281138335959630141757581758922187021122994586895256785805144469787208532128421174310823990314779779841654469207627
11661737431856466733928198675089118866182787601089942587893269760465303805656086736495609058212704367165578788093318683197904041035568125002381028864224567
10184677870487969356371836840721029981193810680511443908213314581424708719740032528041144772647619762598862656299472264792221418129091537774770929971064923
7648862877955117885097287374545690798719797330710962890511093477280419428463481248905522068523305899019624870905661555191087527760575578635081535961539389
13244103427528134955871946900489308526719834395858666703585239240933938996152639058626249501337129514133597528228020682974810538354705246840134137442375811
7929235205314545903335910106153390849093892422699792761634776166916371927467696411905068574269880285871732271847001965144264543633381400859727382397446029
7550892426918969968936614072012690304742168735770067913172773428639765681592109173804525561176603079003031108176095527837835202086584652584180725920726271
11177737793648447160967982843175983772144950898494726961749694194823631004734338840293235722611290260573496783682259727896372828265901395985851991599766289
11109738090185102157075386385337884140723862133164422678975820599604219622430675660544148315165586707891825622775115597311393643111799023850333377091873333
13214778574921271631852092351504000898203501074006858095298612561935279488061025413497584281143033748000315006445797994357904145950569253116867579610757451
13054861961001060960157398982545589098529557082528930277737108976322301988710556415565470050459241775293485231119226625047869189363458356214123631441707757
8067146598068723600093806732486195786670543374860573084952878616449849262469911146968753291002972885910224637169179698212441972998148522792453556475831023
11919230372779551059243346078242647006238523816230317158838676514413666715739975829150203718705228273004038172756046326489908630226405719952715116295159249
7689310851724055493491414018591850205340981252707879519413868766894068201069433325725693342291938106483299692164258102105949243265186434562420456916765963
9536415969615091567131589942531819975906614579871714434367260883188133842599197148417376820271586676009538059250923909868458569315456213215026142144278319
7357937222077819420293461674512793727179705100437920560237328264602690472864392876574032221681553412117904358160094139282517571617723854808609422718591613
7289152472850202473608253033311272104742912248131547394080257225757563422999100065046709026320502265739395622211189171803865099056632630548620258080169741
10672049139251181801871324436771319278991789140396054859049311686449821354860522460226007434876100791899668357730778386081015227474809560215044293131184073
12335665389267589540131804553085302249382002745524991694202120886365051800546469941900399745284676023646042870250498901193603706002415152933973455734580709
10890031379830233277311380756800680598767613774827795068263806174335298826425273308104714753625394230389681297000704272534372321491725019025980192786656677
12046108402933550272049719578525985862953403119437921142654235503489287601392549532702487668828305675244984736028359136732554258748597474244266790292311699
9325771139834851436559355545666133044076694323159564648948020440469699248275117707202289747925521525721249489994463590646970195432839958508295189501362181
6859242521873047224446756271550925782500409543964575376893596578524900298930031981094989322760186226071106978432729735116918659283070537356954408948124337
9286109841685589761775967352507460279244087563490242266181877941724379756904025145582224318573568643063272179540914264913400826468863795227875392177279207
11315319390902889838184737119776566551066888578468192984885717850038638780452077678309255291643251481273150367231908509356360063985098295724936721906913249
7372204449833532356168949199264838605671960745783881729028594029681438239263650546473131534802960287444416922151853421691476838683158216978543367488231269
13108470190100831513004422600810109736247026019403802064371613850933793016695304485821656218782747967186977900968060867396265686422611553820450258747389163
6933013147887406658346756934103704066706446142834675396822973664939367523909100875522783676968855956482955916980113056548934605332319326312358100819675571
7473067690502088924899598524679295712463380086256986995463299988874516181769637863319837105018492924846749095594811375664282003931215598723148786493522461
11338643559862060246648729601539798706811444413682291144113766965860810286370031580145666754845251853894350444751082688287999451959392883479789433418281027
11304918763812905976309582598783505961522692426903506887369161882097280531324156229423310243932400283802001753229209007676387677727971965006780495473544331
12256418834699158944797264888175087573315694240491725591443472158816809940884676385875884679616676165636738692584961254549569744514052272919282044276548451
8783580317318021753003658452424282636254127962495056575341556840271954565772858783883372869079769221498316660065955182275969889496111440195220433024650437
6783039187529931212195614300191583184069937774304152983335908385330357756473319177963671045845607567857494440308410104806566493058515056158429916550689297
8503607749594285163851828451222685118413911865881550838320216262495637992852251082478917413361341389664845202941541014516293470300743738980127316166343993
8537101380665833681425887902638737272709688614181834051723172180510258737948276536004670322121326673087275723302400586053481317951409217023083285720420101
11985000212140406418903423447985442428514560198845756890128518747309406635449947828313634133804531502108039684711696327777273212604343723038378300565042313
6855853843332336952546810050582683500205347031590724538061046937971960490790362999469204528707635842575282078394678065900619961909017227690791162224254293
11086253742043794415576439462346954727294875800916369751794102725213999621214651087324813042771547011455667527322073927648557476035753649138083696685055353
13194772653278033725771700225311391520311881199027226538970578809796503881512938282376995575876615132193519472430986603438999400173025445032664947606958637
9053829053343795525441745677693770762879779283781872252775882360832584679375730947962796916678169402321375032349374246499027889592169367080738133072434721
9101109452896862710791045168266461468893900115726490025902794206525019901388547559013539287408242370740720504960042905680440515128997834323635763752336137
12902880002666960255645613714309162643273376207554652965240207713055297770640549492342954707323398390347881671329808906758380919827920653280226812583646013
7412350851754156100492784887702382425788568808665592845451231559305911826580168404836025107132102725848167145529264537005759491566025038750733541297670711
12428271326774376424849982194078508376515361782738509081937695836468516657883944302427925932222952390643984487540359179161855352129661061077033176562443021
9292202622729363234032154751261647414930251553079893555168382567408540127165004416836833934746318834477555856572768347065483010391269069134294830067172671
11536223835211301793774017787707775247197811832217432889075389982749673688477403800126628824040776778435776268853359104547056852552166433541765455951548863
12955075012287892224625998139690292421699340336664923098667724872084308349347315177173842534770512095056726222823999595242150980255164328822221244121288553
12493083814561397190753798941954389014206967922435697323429712292982121536150990782607843732240900540553835422513999548479785681318535387662360450894882507
12605055734799973137751632887626887738883487182568693535528926269837733684968407760326448696557680620564082077339708005823299041113673916339194779479074191
11220880812124621982263510606333992074233341752068630614937666120233669857695887955706398153010922025615958082984092156500448474763418108085480604126052847
12858084255745121788061611448861022628806551003556903007087087657964692667868227950651760073902299681742467286392972010837550900560973326886016641789941783
12378850337492387181551282997549032638133010238904360553459717176016109029466172270462565986334142531042011230259020392384853922592894626141967249366009483
6922831374702264073309361270062129279689823733135796587580382463557620505735251946778926232976397998530528782885521667626399029611566504504614560785228931
7946065974855909711580371042956110649391602153641883554724592037107957927091285998986766343888270746225810302792621687255468433866514789714705229767605189
8985772048538479085179832842163624233481136332432533415449496690864950047389926143822899015962672585176427077225556153620803771579110926560780249394856127
12883339484401069493210158521489274844336244410827434566509138597219691394682024924033377287939269288070480084870501533402970151659730098849767164215288983
13390016877823428624868916694349901101059067881112086068424458630356941479141880016072520247725476464676170648651730303413293108454242663080393358725181827
9354644845160450590241497653066631125400387246035168813833998598477584521692229366312129273920125109234256349603692442934776779054990854437274917128279599
12718171714123825230013053545059324722274973567006929914628258947282117655940093217396323371522300668683863965294704174053825646942987961516278229293669233
9553583188515944931446199745174095979022620469104229405602395498454969482124499988623934580584092107144066301701857441069649141574086929044563401417545663
7859121842543084924185500503738804630777326345856826627989545744000030661636420877363503920601270026328149918669777665589124664919257863255303328935187499
8758732508459751977258326153845149238309971694003752265365982088081647701431720296667539420889784940777924412026325147625720702251965072246219138369301667
6923291838054753836658594734118019184540118374822090274830863633190719200005306620977816936919850029979691211797841388162270312482699392065538591428967569
12654235134804425954910859722379294005679075079341408900978357804793437682073402236507585839737990539693230199359344141676238629543754613244515920035751453
11532117211238583763359717297044932871923586867828618876526938583550572730997298841712172608247637664253335999762389461602905310584138255624959496912704901
10825963921935271926809070055721883295028928305935316909036534737303654961308909226435620393766695173336903324706749404829078386017687551596670009571169711
8507012278545124903982398968827850244601348685463913059201517071965007120733833592434392918536220800303361971973677518267061765314959862205738807177709517
7342117583739027119440313911541805004850324220459795705721243119658939267649552151725858902218554975652902119288914926955907813139659151607783429678628601
8132443942414081574414941997027048075832981002923848435854038463817680182627185269006011683507175895122019340433894302606128668140120986441601980544290821
9022915186991469898614104299114497408042134185817259726566157183670231118979700104166572750045086083777954394634508966299556620254988166965368676996252263
6972364868084836065625117505304120960789821631029187359166894765513087929093132356830022577636110687968015950201076704597135112600895139410321935214792513
7062142369671674454097996090515365003124047398165490264957155294511063452545437626502926316251103868892016409181082423978031644079922813164763365449851441
8858917330075413216791112972980636436256611886028573223019369764923313458541166018927826791499240310285780776704658574141638398462787556945384776064795533
8656028837317641539581867268990208238521602530725412573528059815874710246633081413192842037445999842787140340120221517288631704290572319784819941898625163
13300535523918983788947252861129789460388431969411660020170905117199337248700486089484565697333303838580965758671179902006801779813690845934781849520446971
9917997571303336588455663342001272610281291941187760118651155492971767413090454103758959298508129705544843918872330670233317980429985478065459752697742799
6946498840062516322568286360678617978611734232731822630988425286363759901074992838257652289949575844787120240539965448868370655512327969740509812499922211
6764910462832640833970611965358522552053314410218444317694969320704052581929037372051100270515134146315056751541629807190493964289074139813875365941797599
9981832239443081669934153714615691419625504385014966185734223356653883453286234112637967406287215986759840649940680688505351498638804403207997718139788629
6926693958865634625975248547195735646070442082913683909251451374551934833942015410759814312120622332903063961355036142472451668741345879239029727552800193
9656542767362038519969371640356005145826276475924677520756932869953583767194295496311899805174732605687108566960546342663309480113249929836003975755471593
12651057615521835302124287429441283302736962973230455526896461657587591516276771997916691097144010774152721098982933481489079666734883292431545188398167359
11543633576723063155574559454205000634889378103987885325821152711367680014855054953011685081137190092381288293535444304494982534267231796233172698493976019
10232464040598128476936716983316847236670979240760504432655723484022933431688839984865892165165578051386834337124478312190045168104055647851762630035529729
9139160561564478528679339282972137581287142370899120870029761753890202094894035095769296343014323949430719162855043157000915229415777930851483053382201393
11754229869592124936961854930114976349960551934012540954686290092673581650423844663024632360184098992832316834067393888936297094481448145029656598794930907
11620093413410613637501785270590160317832070507231224050117842217041222883628081137839887238132604113856267565069904338368083257462221472126231997326922021
9187488518353964363468471287569082721532641557038653820050075318314007584497736364479446311436232925841456670110948704346467913613820366899178834083946339
11582417770175901220623964532573077649683936664193113290811937727944558662901612125205987489646494807407281408255395060430376064979424354941028654595116629
11337110031348864752439023710050418577824290327223599682132773234791140388966164252548912991184205682793439476445153304812263858937062722652521268631172037
9548061226570203102104635459320259152486396888966648787562885410195356703642971364842182725807003714344673427013079650545500354085094118305110393546051237
9313044072066169276850616885817652886225897730087627513972506520198634476473474591688574492985581268623210909256077096629664889404298807102374256507678091
12993919323936140062929085754484214690849114441029817619078229295788509893620700404097548543435286184306977087624309277054959272448476558238778507133328607
